{
  "advancedEditorSelectedIdentifier" : "ShaderGraphEditorPluginID",
  "openSceneRelativePaths" : [
    "Scene.usda"
  ],
  "recentIdentifiers" : {
    "1627C915-D473-4D14-AA98-C2B6F4FF56B4" : [

    ],
    "38BAEB72-C15A-43F2-B429-F62FA4819454" : [

    ],
    "4E20231B-15D1-4319-B6AE-F1C93B211803" : [

    ],
    "BB85D5A7-115C-412E-927F-6F15DBDFF795" : [

    ],
    "D418EA5C-0625-40BC-B5AA-106B6E0C8590" : [

    ]
  },
  "sceneCameraHistory" : {
    "1627C915-D473-4D14-AA98-C2B6F4FF56B4" : [
      {
        "date" : 796325730.545425,
        "title" : "Untitled",
        "transform" : [
          0.77648145,
          -2.4762068e-09,
          -0.6301401,
          0,
          0.14538723,
          0.97301966,
          0.17915145,
          0,
          0.6131387,
          -0.23072208,
          0.7555317,
          0,
          0.88596267,
          0.79990286,
          3.6384008,
          1
        ]
      },
      {
        "date" : 796324030.777862,
        "title" : "Untitled",
        "transform" : [
          0.77648145,
          -2.4762068e-09,
          -0.6301401,
          0,
          0.14538723,
          0.97301966,
          0.17915145,
          0,
          0.6131387,
          -0.23072208,
          0.7555317,
          0,
          0.482479,
          0.4356124,
          1.9814062,
          1
        ]
      },
      {
        "date" : 796324017.755747,
        "title" : "Untitled",
        "transform" : [
          0.77648145,
          -2.4762068e-09,
          -0.6301401,
          0,
          0.14538723,
          0.97301966,
          0.17915145,
          0,
          0.6131387,
          -0.23072208,
          0.7555317,
          0,
          0.49147797,
          0.4369896,
          1.9745239,
          1
        ]
      },
      {
        "date" : 796324009.241425,
        "title" : "Untitled",
        "transform" : [
          1,
          0,
          0,
          0,
          0,
          1,
          0,
          0,
          0,
          0,
          1,
          0,
          -0.11248869,
          0.92506695,
          2,
          1
        ]
      },
      {
        "date" : 796324002.255361,
        "title" : "Untitled",
        "transform" : [
          0.997251,
          -1.6131239e-09,
          0.07409946,
          0,
          0.0071936236,
          0.9952766,
          -0.096813805,
          0,
          -0.07374943,
          0.09708073,
          0.99254036,
          0,
          -0.16875142,
          0.5343656,
          2.963895,
          1
        ]
      },
      {
        "date" : 796323984.938793,
        "title" : "Untitled",
        "transform" : [
          0.99368614,
          -1.3243747e-09,
          0.11219601,
          0,
          0.033573184,
          0.95417887,
          -0.29734758,
          0,
          -0.10705504,
          0.29923695,
          0.9481542,
          0,
          -0.25111976,
          1.0823117,
          2.7590861,
          1
        ]
      }
    ],
    "38BAEB72-C15A-43F2-B429-F62FA4819454" : [
      {
        "date" : 796319445.532901,
        "title" : "Untitled",
        "transform" : [
          -0.9979987,
          -3.073717e-09,
          0.063233964,
          0,
          -0.0011255612,
          0.99984163,
          -0.017764272,
          0,
          -0.063223936,
          -0.017799862,
          -0.9978406,
          0,
          -0.7807982,
          -0.25107032,
          -3.043977,
          1
        ]
      }
    ],
    "674C73A9-902B-4441-BA76-3970E7D4AD68" : [
      {
        "date" : 796396410.143653,
        "title" : "Untitled",
        "transform" : [
          1,
          0,
          0,
          0,
          0,
          1,
          0,
          0,
          0,
          0,
          1,
          0,
          -0.03151077,
          4.087296,
          5.62081,
          1
        ]
      },
      {
        "date" : 796396407.244364,
        "title" : "Untitled",
        "transform" : [
          -0.05404503,
          -3.2079472e-10,
          0.9985385,
          0,
          -0.40949926,
          0.9120412,
          -0.022163788,
          0,
          -0.91070825,
          -0.4100987,
          -0.049291287,
          0,
          -15.411436,
          2.477226,
          3.0033157,
          1
        ]
      },
      {
        "date" : 796325744.794992,
        "title" : "Untitled",
        "transform" : [
          -0.05404503,
          -3.2079472e-10,
          0.9985385,
          0,
          -0.40949926,
          0.9120412,
          -0.022163788,
          0,
          -0.9107081,
          -0.41009864,
          -0.04929128,
          0,
          -15.453269,
          2.5663075,
          3.035074,
          1
        ]
      },
      {
        "date" : 796325736.110595,
        "title" : "Untitled",
        "transform" : [
          0.99985516,
          -4.412063e-11,
          -0.017018646,
          0,
          0.0018105841,
          0.9943247,
          0.106372856,
          0,
          0.016922059,
          -0.106388256,
          0.9941807,
          0,
          1.1060754,
          7.2336144,
          16.850708,
          1
        ]
      },
      {
        "date" : 796324055.169582,
        "title" : "Untitled",
        "transform" : [
          0.9999698,
          -4.412063e-11,
          -0.007772562,
          0,
          0.0008269094,
          0.9943247,
          0.106385045,
          0,
          0.00772845,
          -0.106388256,
          0.99429464,
          0,
          0.096512824,
          7.018023,
          12.416743,
          1
        ]
      },
      {
        "date" : 796324050.172028,
        "title" : "Untitled",
        "transform" : [
          -0.1891212,
          -2.3953954e-09,
          0.98195374,
          0,
          -0.31899428,
          0.94576323,
          -0.061437286,
          0,
          -0.9286957,
          -0.32485676,
          -0.17886388,
          0,
          -18.263607,
          -6.3885894,
          -3.5175133,
          1
        ]
      }
    ],
    "BB85D5A7-115C-412E-927F-6F15DBDFF795" : [
      {
        "date" : 796397399.910092,
        "title" : "Untitled",
        "transform" : [
          0.99999964,
          2.9557114e-11,
          -0.00083111663,
          0,
          -0.00025245166,
          0.95275176,
          -0.30374983,
          0,
          0.0007918479,
          0.30374995,
          0.95275146,
          0,
          -0.039885722,
          3.5684557,
          5.1445045,
          1
        ]
      },
      {
        "date" : 796397398.382912,
        "title" : "Untitled",
        "transform" : [
          0.99999964,
          2.9557114e-11,
          -0.00083111663,
          0,
          -0.00025245166,
          0.95275176,
          -0.30374983,
          0,
          0.0007918479,
          0.30374995,
          0.95275146,
          0,
          -0.045094304,
          3.56846,
          5.1445074,
          1
        ]
      },
      {
        "date" : 796397396.137038,
        "title" : "Untitled",
        "transform" : [
          0.99999964,
          2.9557114e-11,
          -0.00083111663,
          0,
          -0.00025245166,
          0.95275176,
          -0.30374983,
          0,
          0.0007918479,
          0.30374995,
          0.95275146,
          0,
          -0.019062405,
          3.6180925,
          5.1286626,
          1
        ]
      },
      {
        "date" : 796397388.366364,
        "title" : "Untitled",
        "transform" : [
          0.99999964,
          -4.640731e-11,
          -0.0008311168,
          0,
          -0.00028781733,
          0.9381231,
          -0.34630182,
          0,
          0.0007796899,
          0.34630194,
          0.93812275,
          0,
          -0.019049918,
          3.7142363,
          5.1436872,
          1
        ]
      },
      {
        "date" : 796397386.482313,
        "title" : "Untitled",
        "transform" : [
          0.99999964,
          -4.640731e-11,
          -0.0008311168,
          0,
          -0.00028781733,
          0.9381231,
          -0.34630182,
          0,
          0.0007796899,
          0.34630194,
          0.93812275,
          0,
          -0.019063568,
          3.7582245,
          5.127449,
          1
        ]
      },
      {
        "date" : 796397357.58621,
        "title" : "Untitled",
        "transform" : [
          0.99999964,
          -4.640731e-11,
          -0.0008311168,
          0,
          -0.00028781733,
          0.9381231,
          -0.34630182,
          0,
          0.0007796899,
          0.34630194,
          0.93812275,
          0,
          0.0036365346,
          3.9950266,
          7.3644648,
          1
        ]
      },
      {
        "date" : 796397344.885583,
        "title" : "Untitled",
        "transform" : [
          0.99999964,
          -4.640731e-11,
          -0.0008311168,
          0,
          -0.00028781733,
          0.9381231,
          -0.34630182,
          0,
          0.0007796899,
          0.34630194,
          0.93812275,
          0,
          0.000297077,
          4.8852363,
          3.2776415,
          1
        ]
      },
      {
        "date" : 796397330.311654,
        "title" : "Untitled",
        "transform" : [
          0.9999997,
          -1.7025159e-11,
          -0.0008311168,
          0,
          -0.00028781567,
          0.9381231,
          -0.3463018,
          0,
          0.0007796881,
          0.34630185,
          0.93812275,
          0,
          -0.062632486,
          4.691925,
          6.0002456,
          1
        ]
      },
      {
        "date" : 796397317.783191,
        "title" : "Untitled",
        "transform" : [
          0.9999997,
          -1.7025159e-11,
          -0.0008311168,
          0,
          -0.00028781567,
          0.9381231,
          -0.3463018,
          0,
          0.0007796881,
          0.34630185,
          0.93812275,
          0,
          -0.06245263,
          4.7718253,
          6.2167087,
          1
        ]
      },
      {
        "date" : 796397312.380501,
        "title" : "Untitled",
        "transform" : [
          0.9999997,
          -1.7025159e-11,
          -0.0008311168,
          0,
          -0.00028781567,
          0.9381231,
          -0.3463018,
          0,
          0.0007796881,
          0.34630185,
          0.93812275,
          0,
          -0.06580452,
          4.6413007,
          5.840412,
          1
        ]
      }
    ],
    "D418EA5C-0625-40BC-B5AA-106B6E0C8590" : [
      {
        "date" : 792431460.150603,
        "title" : "Untitled",
        "transform" : [
          0.9995375,
          -1.3919849e-10,
          -0.030407552,
          0,
          0.0020348227,
          0.99775845,
          0.066887386,
          0,
          0.03033939,
          -0.06691833,
          0.99729705,
          0,
          -0.12730965,
          0.9854754,
          4.8308177,
          1
        ]
      },
      {
        "date" : 792431451.137354,
        "title" : "Untitled",
        "transform" : [
          0.9999957,
          4.569664e-12,
          -0.002924726,
          0,
          9.2506285e-05,
          0.9994997,
          0.031628907,
          0,
          0.0029232628,
          -0.03162904,
          0.9994954,
          0,
          -0.29897162,
          1.3017304,
          5.2944007,
          1
        ]
      },
      {
        "date" : 792431351.297678,
        "title" : "Untitled",
        "transform" : [
          1,
          0,
          0,
          0,
          0,
          1,
          0,
          0,
          0,
          0,
          1,
          0,
          -0.314455,
          1.4685075,
          5.249683,
          1
        ]
      },
      {
        "date" : 792431348.050858,
        "title" : "Untitled",
        "transform" : [
          1,
          0,
          0,
          0,
          0,
          1,
          0,
          0,
          0,
          0,
          1,
          0,
          -0.13991374,
          0.6533984,
          2.335796,
          1
        ]
      },
      {
        "date" : 792431340.383158,
        "title" : "Untitled",
        "transform" : [
          0.99997807,
          -1.8428159e-09,
          -0.0066177724,
          0,
          -4.5206933e-05,
          0.99997663,
          -0.006831269,
          0,
          0.006617618,
          0.0068314187,
          0.9999547,
          0,
          -7.224441,
          2.0295384,
          1.8056976,
          1
        ]
      },
      {
        "date" : 792431330.608816,
        "title" : "Untitled",
        "transform" : [
          0.99997807,
          -1.8428159e-09,
          -0.0066177724,
          0,
          -4.5206933e-05,
          0.99997663,
          -0.006831269,
          0,
          0.006617618,
          0.0068314187,
          0.9999547,
          0,
          -1.3301476,
          0.53685045,
          0.41160148,
          1
        ]
      },
      {
        "date" : 792431322.752656,
        "title" : "Untitled",
        "transform" : [
          0.99997807,
          -1.8443568e-09,
          -0.0066177724,
          0,
          -4.5206933e-05,
          0.99997663,
          -0.0068312692,
          0,
          0.006617618,
          0.006831419,
          0.9999547,
          0,
          -1.330211,
          1.1847768,
          0.41527224,
          1
        ]
      },
      {
        "date" : 792431253.625558,
        "title" : "Untitled",
        "transform" : [
          0.9999781,
          -1.8437734e-09,
          -0.0066177724,
          0,
          -4.5207184e-05,
          0.9999767,
          -0.0068312697,
          0,
          0.0066176183,
          0.006831454,
          0.99995476,
          0,
          -0.2583187,
          -0.50814724,
          5.3879843,
          1
        ]
      },
      {
        "date" : 792431203.321621,
        "title" : "Untitled",
        "transform" : [
          0.9999781,
          -1.9544473e-09,
          -0.0066177724,
          0,
          -0.0029383309,
          0.8960236,
          -0.44399655,
          0,
          0.0059296815,
          0.44400635,
          0.89600396,
          0,
          -0.21113285,
          1.9288877,
          4.8306656,
          1
        ]
      },
      {
        "date" : 792431180.021355,
        "title" : "Untitled",
        "transform" : [
          0.99683857,
          -1.8062634e-09,
          -0.07945396,
          0,
          -0.013623532,
          0.9851902,
          -0.17092243,
          0,
          0.07827727,
          0.17146455,
          0.98207563,
          0,
          0.16908625,
          0.4790922,
          5.180965,
          1
        ]
      }
    ]
  },
  "sceneViewportBackgroundColors" : {

  },
  "selectedSceneRelativePath" : "Scene.usda"
}